127
22 
175 214 
119 66 170 
162 58 247 167 
221 233 177 227 228 
218 72 190 36 109 137 
223 71 154 41 41 82 113 
135 166 102 149 125 124 160 174 
185 187 14 55 228 123 178 126 186 
202 25 109 100 19 188 136 97 1 19 
189 70 154 215 204 102 202 168 39 49 11 
107 223 57 134 204 19 8 4 231 190 25 202 
73 159 67 225 230 128 72 199 53 80 221 47 30 
178 11 159 64 14 212 86 94 195 247 158 199 248 96 
128 178 135 235 211 16 131 150 44 68 207 174 43 65 160 
120 170 230 253 62 177 171 8 242 235 136 79 18 178 231 86 
31 238 100 155 157 91 25 116 118 23 162 146 51 56 80 54 7 
86 90 108 206 103 37 152 89 16 129 179 95 228 5 117 203 137 175 
43 204 122 54 51 131 16 192 186 57 185 7 34 84 58 192 208 170 32 
140 48 77 84 213 35 141 232 222 206 251 198 244 210 194 100 184 231 67 91 
170 114 227 241 178 19 2 177 211 83 23 171 128 234 145 154 237 193 168 111 32 
81 98 110 209 29 160 187 17 4 136 81 51 172 36 88 176 248 85 52 132 56 28 
147 47 98 21 201 222 78 94 176 82 154 63 194 9 159 38 88 127 97 66 132 153 191 
48 217 99 31 9 234 129 32 21 246 148 52 34 187 190 92 96 67 29 21 202 138 78 208 
115 218 69 64 198 154 160 27 228 88 120 247 123 106 125 96 221 198 146 36 75 194 249 234 139 
78 166 214 96 133 203 40 62 112 230 42 169 76 59 178 100 7 63 124 0 31 88 216 235 217 30 
124 186 217 63 13 245 149 161 65 7 167 221 29 48 72 158 104 200 231 207 192 117 209 101 96 230 143 
106 130 73 249 245 47 66 177 195 112 134 108 74 127 156 37 50 189 14 87 88 157 176 86 184 193 147 113 
43 87 72 39 132 77 204 18 77 30 1 107 27 224 227 3 235 224 7 165 168 55 24 189 156 146 79 201 123 
228 245 156 193 196 211 135 125 249 121 36 124 40 214 25 236 112 82 72 172 140 162 194 49 57 245 228 211 88 183 
175 110 131 61 161 45 51 100 116 61 127 251 64 33 92 215 44 94 79 130 132 31 115 98 202 103 41 150 147 213 222 
231 219 123 27 65 200 223 124 117 209 223 12 131 50 101 31 14 113 219 183 25 164 15 83 247 26 134 96 8 235 8 222 
82 66 205 136 129 226 173 92 76 12 242 45 22 9 217 104 117 77 135 153 179 217 179 252 227 138 209 3 27 34 83 161 114 
247 41 178 155 40 39 162 247 200 91 212 68 146 22 22 190 104 253 148 42 211 26 244 10 214 185 97 227 4 4 86 13 36 121 
189 201 221 7 183 217 191 241 75 91 223 1 232 251 33 132 45 186 118 234 49 99 51 95 36 93 194 82 103 119 129 239 1 186 182 
184 120 151 53 126 218 32 241 73 81 32 24 137 237 173 63 143 167 151 158 225 141 145 19 39 93 22 63 113 169 47 39 206 174 102 90 
0 103 120 163 85 8 188 51 36 114 130 63 111 152 232 215 72 180 109 243 215 28 42 216 87 75 128 225 59 54 30 87 101 61 187 149 104 
5 135 106 112 22 139 120 162 236 191 82 126 41 107 236 10 183 130 165 189 51 11 146 65 193 12 211 43 104 237 116 24 226 141 49 175 224 44 
108 38 134 83 173 196 152 78 65 195 96 231 132 100 13 58 35 144 248 213 206 52 51 223 16 76 96 138 180 30 85 101 33 86 78 166 118 210 129 
251 110 111 192 220 118 23 233 145 193 182 202 128 46 156 225 10 251 91 234 41 13 227 18 159 57 248 55 165 251 198 203 123 232 29 248 253 106 198 222 
231 179 152 219 165 151 251 219 59 31 24 84 35 87 143 104 174 51 52 219 181 21 36 112 119 170 166 185 19 100 89 164 30 0 55 0 246 195 75 244 1 
191 231 178 32 242 145 51 230 237 1 226 162 227 41 26 129 110 0 67 126 97 99 218 67 206 207 166 73 127 165 90 173 238 249 134 48 193 149 110 48 221 87 
163 74 198 240 158 9 83 97 13 198 89 12 205 224 41 16 98 35 132 163 162 115 175 45 41 114 45 115 176 241 180 91 167 53 144 182 37 79 0 231 62 129 107 
141 213 79 248 141 200 228 236 194 40 118 177 230 209 248 162 141 142 117 107 118 6 56 188 223 221 101 27 3 74 17 110 41 0 17 245 108 215 109 176 133 157 28 21 
106 19 218 107 201 173 188 248 161 97 204 136 196 92 69 161 23 246 22 69 1 44 127 233 225 172 240 73 2 155 176 10 183 191 159 119 137 26 154 225 163 129 41 237 192 
74 9 170 233 223 202 162 42 159 253 194 46 165 156 251 182 23 235 151 15 135 113 49 48 8 136 121 216 161 65 194 102 157 94 35 190 161 138 49 199 113 168 89 75 124 123 
219 15 87 164 59 68 188 164 57 105 252 70 218 143 243 5 0 23 249 191 137 102 245 24 164 99 234 23 234 227 228 130 155 136 212 43 140 189 112 21 214 234 30 87 233 197 59 
154 19 191 35 221 149 161 112 239 200 238 183 161 116 117 176 246 125 175 48 110 46 157 67 146 252 67 215 38 152 70 217 230 140 102 98 168 234 195 250 250 134 249 200 103 207 111 100 
103 144 222 55 75 46 191 175 218 57 48 47 170 224 44 3 45 98 201 56 19 160 61 48 211 114 4 138 61 5 144 114 212 177 190 138 235 21 172 186 78 7 223 215 42 68 219 17 8 
191 204 242 235 50 224 186 50 233 41 48 211 169 94 131 36 87 146 246 203 229 219 179 202 25 185 26 183 168 233 11 18 169 248 59 83 250 109 97 57 186 171 227 234 175 222 250 252 137 179 
166 219 180 92 246 171 180 159 6 187 115 158 75 81 75 26 211 240 205 40 150 190 89 162 135 197 179 197 197 247 252 180 203 91 86 41 133 239 157 149 123 68 116 222 113 68 26 200 68 124 20 
234 229 181 99 208 197 248 115 220 220 26 231 118 237 169 33 143 222 72 30 136 101 234 135 222 210 55 199 195 23 90 230 126 150 73 236 87 33 240 185 15 224 242 163 49 225 99 116 204 74 58 234 
213 90 89 97 68 46 211 111 251 188 146 0 75 196 95 146 54 115 251 121 60 121 31 155 83 31 143 85 231 6 210 117 98 37 26 87 32 19 73 12 198 225 206 198 182 11 4 171 227 7 176 104 20 
93 92 134 49 62 59 54 211 22 210 163 157 62 68 213 169 227 126 206 229 4 194 89 35 96 6 39 11 29 76 7 44 56 8 123 52 98 180 183 184 121 111 188 184 34 102 76 207 233 1 41 97 226 184 
55 191 192 179 197 91 8 253 127 64 111 142 115 68 196 208 215 141 241 212 235 152 223 105 117 202 37 72 74 117 112 80 204 94 0 40 9 112 200 57 70 35 211 161 250 239 11 65 89 97 244 210 63 46 250 
65 232 114 36 225 101 182 21 91 8 149 182 61 69 31 145 114 85 93 250 236 58 80 37 12 219 190 175 252 173 177 204 3 77 212 116 79 1 222 87 73 24 29 85 89 156 121 51 114 202 152 111 172 113 78 21 
130 221 144 62 247 133 170 126 224 51 205 57 156 132 79 50 126 126 47 148 63 99 115 164 81 53 49 129 173 180 122 250 203 239 105 42 124 25 79 23 12 13 5 160 56 248 226 80 151 3 158 250 183 231 144 179 32 
72 192 193 79 154 69 235 94 93 190 100 133 84 78 82 101 230 117 86 225 25 210 63 159 250 65 205 147 49 146 240 11 36 69 178 198 39 1 9 139 65 162 216 253 63 176 5 237 225 150 53 160 48 204 170 206 146 131 
194 86 39 126 62 98 134 2 153 111 223 50 195 85 20 182 120 194 60 139 93 205 202 33 64 193 175 104 222 183 242 27 149 229 240 68 211 128 157 15 199 4 102 134 51 212 197 40 65 47 131 35 173 228 39 20 12 197 122 
77 123 236 138 14 213 178 84 156 50 104 78 138 155 192 95 5 193 123 69 49 12 142 212 169 45 187 250 246 214 101 5 80 212 9 231 227 87 226 15 194 244 39 88 153 136 215 18 56 61 247 89 36 226 244 238 159 149 216 66 
98 128 165 2 110 81 136 206 251 121 29 74 149 70 79 102 5 163 113 106 60 148 140 53 97 46 109 205 221 206 119 43 199 83 222 119 55 63 230 231 237 129 198 141 169 127 47 226 41 219 135 210 48 235 165 140 225 43 231 17 178 
28 90 170 18 32 14 153 23 192 134 116 172 37 4 45 35 6 231 82 48 146 36 77 185 95 188 114 45 191 149 133 45 178 185 253 181 24 133 122 198 235 48 152 229 53 239 111 175 156 48 244 218 7 77 218 37 9 22 42 182 44 228 
81 211 39 7 172 182 218 30 124 56 142 133 217 60 140 84 208 168 93 209 101 107 227 103 30 176 35 245 43 56 210 23 36 242 110 205 90 251 95 217 10 178 239 84 169 25 182 183 200 172 3 166 58 45 53 161 129 150 148 83 128 128 203 
177 224 224 131 132 67 58 227 24 141 252 18 91 159 73 16 28 189 16 66 204 216 132 37 190 214 165 64 250 121 213 94 115 249 48 145 0 168 99 58 41 38 158 44 87 233 126 210 159 146 103 75 144 35 182 171 57 18 12 14 225 120 193 84 
151 240 64 154 225 84 93 125 4 33 50 60 189 121 130 50 54 247 241 212 31 50 153 106 36 81 179 33 132 67 178 81 253 13 106 228 161 242 12 184 221 187 33 137 0 74 69 120 121 114 51 120 226 251 88 48 94 126 69 247 206 101 226 0 79 
207 52 72 90 115 154 154 99 40 81 63 130 227 217 110 65 136 9 65 105 211 66 247 203 160 165 10 193 225 113 110 148 52 194 158 77 105 204 138 7 231 103 192 56 130 141 196 130 128 142 173 97 83 16 157 224 41 148 155 215 43 124 234 219 158 89 
163 168 96 198 244 127 8 100 199 53 163 123 134 226 103 120 8 67 28 4 145 90 0 245 95 23 135 23 169 139 187 119 141 96 237 70 127 42 88 24 227 219 99 45 181 49 87 53 63 246 59 205 65 252 138 141 116 206 166 219 153 69 209 146 209 161 222 
167 172 178 53 235 187 12 26 84 112 48 132 132 249 92 238 36 6 212 241 139 233 80 208 187 167 51 199 138 179 224 140 30 123 94 67 110 28 94 184 76 68 195 4 84 225 138 74 204 243 72 171 15 12 41 30 231 164 138 89 106 122 117 184 107 203 186 66 
18 137 24 126 190 228 92 140 205 85 231 214 46 247 177 118 133 88 123 175 216 80 57 109 181 179 131 80 57 219 243 223 33 86 78 95 165 76 71 164 141 210 234 34 56 179 159 77 147 23 248 165 145 42 150 142 45 68 150 99 133 234 115 83 209 164 10 234 130 
110 212 74 191 102 139 193 63 25 120 27 103 249 83 16 23 90 175 217 20 110 12 21 211 69 109 190 83 25 180 49 97 150 115 215 149 207 56 87 164 142 148 240 11 219 203 158 43 75 145 111 192 126 185 142 32 194 189 82 93 188 3 42 190 229 182 148 48 154 245 
186 193 202 79 59 7 45 22 215 49 147 165 92 54 243 47 190 250 97 250 120 4 155 84 17 35 189 229 14 12 192 150 223 196 166 167 183 152 85 248 146 221 200 57 53 101 111 151 32 212 10 244 144 112 245 251 33 229 116 121 230 194 63 203 53 48 229 167 215 218 59 
237 82 229 243 228 100 96 122 36 82 70 196 51 201 92 91 154 238 26 221 209 151 13 237 96 52 8 34 86 93 51 21 44 169 235 126 212 103 35 92 63 175 201 158 238 8 78 142 100 52 41 94 58 124 204 190 75 204 226 243 25 244 41 76 247 83 34 253 253 126 73 44 
94 212 201 181 241 176 179 230 197 232 26 46 54 136 184 239 41 70 153 221 70 172 68 81 92 72 154 54 144 243 63 209 95 17 201 198 103 218 63 0 222 200 251 250 55 59 98 5 74 95 130 141 103 70 190 14 174 179 217 209 125 187 184 88 214 192 55 236 239 117 189 130 56 
160 216 43 122 84 122 40 174 82 141 162 192 1 24 143 127 125 71 47 84 112 251 200 89 61 220 78 120 231 43 188 28 46 168 42 177 200 34 177 118 151 16 42 229 151 230 216 217 242 74 206 172 8 31 217 173 66 118 211 18 178 27 28 3 13 10 39 54 3 67 142 46 212 112 
160 6 63 251 127 10 56 10 107 60 156 192 87 167 189 233 102 59 22 104 204 219 207 138 130 251 30 232 111 53 139 44 165 18 93 144 73 89 193 234 178 196 91 11 51 213 166 98 249 158 187 210 225 52 197 119 98 157 83 35 27 194 180 133 122 236 163 45 125 141 34 80 161 226 57 
163 95 96 126 173 159 23 179 188 214 34 224 204 79 53 14 212 3 247 193 48 120 140 10 61 86 8 37 13 142 73 172 13 170 200 108 111 208 82 189 27 135 149 42 98 89 247 191 164 243 148 138 98 219 226 38 129 131 112 194 65 138 48 211 207 15 2 219 23 18 176 142 64 163 213 60 
189 175 164 19 87 10 149 172 44 127 187 75 204 242 190 60 217 178 117 249 1 48 40 164 91 214 8 56 160 185 133 128 41 78 119 210 181 234 68 199 233 140 67 19 71 200 191 139 176 184 36 179 164 82 206 106 221 216 128 167 173 61 169 240 225 233 188 31 158 214 196 193 165 19 29 33 145 
9 209 139 227 39 74 236 249 159 209 174 22 176 116 248 208 198 70 12 17 30 179 52 188 22 208 162 171 118 92 206 249 124 52 236 178 217 96 182 126 80 10 37 69 157 71 233 116 51 135 69 96 187 141 60 141 65 71 210 117 49 162 83 162 79 158 27 247 134 194 148 125 173 49 207 166 42 1 
101 126 141 234 110 190 142 222 178 217 223 44 25 181 11 40 97 108 28 206 24 222 151 8 250 211 9 212 127 105 45 31 13 142 205 68 93 162 26 152 170 26 2 232 143 199 62 230 135 218 239 102 189 143 7 112 223 67 67 1 132 169 124 149 221 192 188 237 92 65 159 41 242 246 157 246 217 76 97 
34 47 143 14 251 203 5 35 248 152 129 17 76 11 224 49 248 248 96 26 115 182 143 14 15 116 113 79 74 38 104 243 130 142 57 111 5 200 219 165 210 195 169 66 112 117 63 1 149 133 41 180 243 36 123 89 46 99 155 152 219 70 130 15 158 133 189 125 63 252 74 192 158 171 178 243 215 144 215 40 
170 17 19 35 164 102 171 35 172 24 76 242 52 218 84 138 182 114 239 101 81 54 2 82 155 183 169 138 250 163 43 123 95 44 248 36 247 220 68 98 32 196 40 186 44 243 221 145 226 29 77 220 243 196 95 18 63 211 144 225 18 142 34 0 27 122 19 67 178 149 164 248 77 138 68 150 129 189 158 96 49 
203 5 144 37 44 169 162 228 82 178 68 13 124 45 97 36 160 229 124 159 175 97 224 23 47 28 226 13 8 230 226 20 115 15 147 210 55 157 196 85 34 108 72 96 30 232 57 132 227 0 155 126 37 191 181 136 248 3 26 82 133 56 90 204 143 251 2 184 172 141 78 250 236 151 209 144 166 12 148 212 0 233 
56 202 72 111 85 56 118 55 235 213 84 155 198 19 245 127 111 92 89 242 209 119 88 71 165 187 37 202 245 112 135 4 104 96 32 220 160 116 194 245 196 244 68 58 248 47 149 48 0 48 180 191 143 71 122 117 57 4 252 196 149 12 25 213 45 227 132 11 37 239 228 185 238 156 143 191 76 111 160 44 231 31 6 
150 142 101 65 217 18 54 72 6 186 196 129 148 130 198 137 30 153 137 48 27 173 74 160 238 118 182 144 122 103 85 195 157 231 132 90 124 84 64 90 149 43 245 205 38 76 209 173 252 194 31 7 191 123 66 134 237 216 181 135 24 1 75 84 169 126 34 180 47 50 94 186 7 63 130 15 232 2 21 206 127 108 9 181 
49 48 127 94 245 179 138 110 227 13 29 75 43 10 102 77 120 145 162 35 22 190 151 42 154 95 204 119 17 94 223 18 129 3 147 95 49 141 188 90 21 33 46 31 160 196 102 168 196 17 127 150 123 101 6 137 159 96 104 224 117 234 181 72 43 88 11 78 201 222 192 185 172 20 62 115 158 191 122 52 40 49 194 61 167 
190 205 155 19 43 155 33 138 81 108 6 127 172 229 237 1 136 125 213 34 70 193 175 198 95 79 98 139 142 22 144 40 134 92 210 46 136 186 208 152 245 183 48 138 121 219 7 140 167 15 82 251 252 107 112 134 203 235 176 153 237 164 169 192 13 40 6 176 71 97 20 234 238 219 16 5 93 148 73 242 203 80 224 56 154 11 
188 23 33 75 165 127 221 149 37 177 110 125 211 115 228 250 117 59 20 15 13 25 61 218 54 208 251 21 23 29 107 90 184 91 193 20 92 87 18 176 229 149 184 205 119 170 66 90 16 236 59 12 95 124 240 92 39 15 218 186 235 203 134 8 70 48 104 179 177 243 207 210 117 38 95 198 26 232 174 157 90 232 113 188 195 92 107 
169 14 218 5 148 218 201 37 25 233 123 111 89 251 208 190 94 145 253 74 194 179 50 224 212 118 131 14 23 4 181 238 42 17 165 135 4 69 166 143 50 147 2 150 57 146 163 32 49 70 242 63 78 137 118 69 92 73 27 80 76 139 233 177 193 153 53 137 24 62 198 220 48 114 132 187 227 118 139 57 0 173 185 207 35 26 225 166 
124 199 75 146 61 33 165 249 74 33 216 176 114 105 213 242 174 176 243 105 155 42 91 213 170 208 98 75 140 245 92 32 1 13 63 118 34 186 253 237 74 158 76 39 42 31 224 231 126 152 132 110 105 178 94 92 252 160 1 6 102 21 59 201 181 146 29 106 134 198 169 237 63 58 5 249 130 204 133 226 70 92 58 233 191 177 201 233 83 
204 237 204 73 228 248 112 64 146 17 78 71 216 219 59 3 76 203 102 129 176 120 157 5 19 71 182 92 82 157 184 74 197 60 24 205 125 100 245 146 127 171 11 28 211 35 251 3 45 116 65 29 220 148 10 158 233 204 194 78 151 60 134 107 98 174 170 143 113 101 221 196 175 99 65 23 23 30 128 182 48 223 157 13 92 131 117 144 176 109 
133 95 121 128 192 10 126 20 96 136 20 219 249 206 18 173 160 251 114 27 71 75 184 111 242 241 99 200 75 58 70 95 206 57 208 47 46 215 161 12 217 65 77 90 105 44 4 152 249 215 106 145 103 37 163 240 51 212 141 208 135 8 245 218 243 64 54 180 245 219 145 21 26 182 199 234 51 195 62 27 183 247 71 250 114 18 175 33 239 31 75 
251 37 202 156 104 92 175 2 123 31 92 210 38 139 15 185 5 14 193 44 171 140 107 246 133 97 124 112 164 41 1 231 3 161 185 2 5 203 247 44 77 115 49 123 123 35 229 19 111 104 195 131 170 31 81 18 183 197 49 191 224 218 195 118 5 94 42 37 215 170 51 122 210 160 3 16 186 153 160 38 52 83 183 29 61 228 54 76 19 35 188 158 
196 32 204 88 224 27 119 109 208 2 218 176 22 40 6 16 147 182 58 151 91 173 193 155 154 97 1 12 98 68 195 185 121 159 182 86 14 65 234 3 115 86 49 45 126 35 132 19 186 186 142 103 20 214 98 16 213 18 231 214 40 61 158 243 111 228 142 166 136 173 148 200 81 13 147 1 116 4 81 76 167 192 31 179 204 25 171 75 92 218 56 195 116 
110 17 14 39 243 1 90 60 154 151 5 110 177 148 219 182 116 14 57 175 54 160 147 188 127 223 116 80 251 0 132 8 84 187 162 3 187 157 13 14 175 10 252 247 225 99 128 165 189 69 194 134 100 133 205 21 229 174 125 32 37 149 14 67 35 182 62 147 129 15 244 113 127 183 71 130 191 163 2 164 180 245 100 214 94 69 184 59 159 21 180 203 74 251 
68 232 14 73 148 140 129 120 151 236 212 37 40 229 133 229 133 149 33 168 159 92 226 246 114 41 121 174 67 184 197 235 14 95 50 62 229 130 73 222 168 169 185 238 105 55 131 164 34 165 8 139 192 168 81 148 224 100 8 237 234 98 250 110 230 175 222 217 87 125 125 180 164 42 89 175 203 196 202 204 218 176 81 110 252 4 82 224 20 13 250 153 135 95 236 
43 104 117 237 16 188 170 37 185 9 23 129 101 148 53 179 65 135 157 23 25 212 7 45 25 142 184 205 18 2 73 111 50 102 147 2 60 148 164 13 178 97 245 58 199 240 79 213 11 35 6 173 233 68 240 134 155 183 164 63 199 5 241 103 72 32 146 111 114 33 20 94 154 91 109 52 111 35 138 90 24 32 130 111 114 219 204 30 210 141 73 41 249 154 23 207 
62 35 35 175 208 1 104 3 6 113 105 218 63 181 19 192 9 4 244 192 248 6 228 221 70 170 138 251 126 240 185 228 165 1 88 34 118 56 134 98 57 69 207 151 56 29 188 154 118 45 216 137 189 180 95 58 3 170 165 138 117 160 183 9 53 175 57 183 185 179 191 196 51 210 189 179 116 225 102 33 52 45 81 146 12 137 27 9 37 44 233 110 74 2 55 34 156 
198 219 188 50 105 249 215 31 57 241 60 253 51 217 203 192 88 26 36 107 114 151 103 218 178 59 9 93 253 135 95 199 231 151 37 56 128 199 150 34 201 31 153 37 238 7 198 10 74 122 20 239 123 192 185 148 33 152 76 4 228 44 75 65 74 72 62 185 160 131 170 47 3 121 5 48 156 170 18 190 56 144 242 215 14 144 13 239 139 26 105 116 213 38 206 87 84 226 
115 157 205 106 42 65 215 0 71 161 149 209 8 76 237 55 72 195 174 22 110 11 166 81 34 3 97 11 168 183 192 97 3 46 249 42 13 222 64 182 89 192 216 209 62 44 28 243 183 122 243 66 178 8 241 241 180 140 91 216 54 152 112 195 37 145 48 17 177 219 85 80 197 55 35 184 219 210 158 138 15 94 80 17 87 16 173 59 93 144 83 224 20 18 151 155 130 98 65 
109 99 121 135 89 166 18 193 29 104 226 240 44 182 134 245 109 139 165 53 216 245 189 26 245 134 212 23 149 246 18 240 145 126 192 198 80 6 79 144 145 54 181 36 70 188 217 100 85 73 133 213 210 140 158 243 100 158 177 244 143 184 105 53 215 212 168 96 25 98 199 81 109 241 0 50 52 241 87 227 76 143 122 74 241 178 161 92 98 134 104 5 74 221 129 226 81 36 84 219 
146 208 207 227 232 72 210 1 172 101 119 39 135 21 204 107 94 132 187 163 158 223 223 162 232 114 126 106 187 41 141 70 211 98 139 131 240 4 70 50 50 64 209 24 45 189 101 24 163 111 5 231 80 28 24 227 179 97 152 115 239 248 74 149 135 114 48 158 123 100 31 206 159 151 217 166 192 80 36 166 100 74 171 246 43 120 28 103 105 153 60 14 28 105 227 194 223 143 57 138 29 
70 92 225 166 72 125 155 178 158 109 104 158 135 248 114 68 133 44 186 121 111 151 240 191 133 212 202 184 221 165 238 61 20 193 2 211 50 210 180 153 226 192 182 147 205 207 171 142 105 154 134 157 60 102 10 150 160 165 157 87 137 204 74 242 57 114 50 241 137 52 119 204 107 14 155 242 105 155 73 165 170 117 116 238 9 82 152 43 110 197 53 51 151 10 36 186 39 196 125 89 117 243 
169 234 191 135 139 183 230 10 127 228 24 10 165 248 16 150 14 25 106 94 68 78 34 168 67 227 167 47 14 110 238 236 252 50 39 86 226 224 129 201 204 250 42 253 225 176 7 45 111 245 122 118 231 191 76 62 68 21 200 67 138 248 239 248 56 28 93 15 88 173 231 124 35 56 125 121 175 11 116 41 193 245 82 142 23 182 90 205 41 186 119 111 172 232 134 244 214 235 180 188 191 59 75 
102 80 202 12 55 88 40 222 160 183 249 20 84 119 111 33 201 191 211 233 237 107 146 212 91 46 224 154 186 33 46 58 230 250 202 121 105 193 79 35 45 26 144 111 164 82 22 88 112 152 91 66 104 32 70 91 182 21 252 197 152 243 57 250 157 69 113 253 145 205 190 94 247 0 81 205 236 215 48 148 162 161 121 191 128 73 158 128 10 246 190 211 163 34 130 121 192 200 63 90 126 203 58 117 
232 242 14 36 149 89 211 16 134 201 55 215 135 94 26 43 127 221 127 188 147 176 83 93 201 114 154 79 18 131 11 107 199 38 211 209 219 128 57 148 176 40 120 236 43 83 103 115 240 206 108 119 180 108 203 177 168 171 246 233 66 70 8 204 26 96 21 230 247 164 217 253 224 0 102 106 222 70 46 163 68 221 182 169 93 56 156 21 3 134 213 208 7 193 89 17 220 18 112 202 224 221 87 122 76 
83 117 75 182 134 91 48 63 59 51 5 219 156 128 222 214 200 226 11 205 214 234 45 204 126 231 241 45 1 152 129 13 233 138 175 66 146 226 124 116 169 49 54 71 233 179 112 40 159 207 240 229 49 6 236 116 227 231 163 81 77 88 18 19 12 155 81 220 57 103 145 136 30 217 4 78 217 66 179 35 235 228 184 30 195 175 89 147 168 108 135 212 18 86 88 148 165 158 46 127 142 28 251 179 41 148 
241 188 187 217 56 147 81 157 251 34 55 237 156 148 22 155 180 151 227 206 137 191 41 223 223 129 55 149 136 45 211 118 7 74 33 136 139 95 38 40 38 229 247 134 215 27 92 214 128 57 241 5 53 87 9 22 67 218 203 100 14 41 25 202 217 206 66 102 126 60 29 125 125 172 99 251 105 110 219 253 145 73 110 180 118 188 187 206 0 51 65 234 169 43 176 42 40 236 43 231 85 139 103 102 187 179 154 
131 39 138 151 131 248 56 117 18 97 136 31 194 196 75 11 3 70 135 170 183 4 17 214 26 5 230 230 122 231 192 197 225 31 35 247 30 240 83 72 182 158 138 215 18 55 7 217 125 179 237 123 146 211 125 132 103 66 208 233 246 190 94 9 114 158 228 236 46 188 0 1 224 0 51 45 109 91 93 215 8 178 207 52 139 100 31 144 142 193 85 85 234 52 35 105 71 26 224 71 180 196 195 209 144 59 124 105 
79 36 65 41 38 252 189 212 178 152 151 52 141 142 104 53 13 140 143 129 100 191 127 129 187 78 39 247 197 58 253 27 203 115 231 129 117 160 144 186 197 189 96 220 172 89 47 235 246 21 227 29 148 44 106 222 221 184 193 19 55 95 26 205 241 152 22 189 122 92 243 24 97 143 139 164 145 90 143 4 237 243 130 66 32 81 98 116 28 0 164 196 60 56 146 58 102 173 101 142 1 91 223 169 202 189 209 106 11 
15 166 100 244 110 207 172 34 138 189 226 158 121 229 211 123 152 56 9 144 78 13 10 10 189 0 85 88 26 140 114 132 82 101 126 6 40 78 177 172 10 208 44 118 71 70 217 171 247 187 159 103 248 68 103 233 177 213 146 241 186 113 241 189 249 89 111 179 70 72 181 6 201 50 127 149 129 101 219 206 200 212 95 191 45 156 175 240 207 225 206 120 149 34 178 91 2 51 35 154 170 77 123 143 97 248 26 239 144 58 
104 137 73 89 227 193 34 131 47 115 21 138 162 132 208 22 204 225 231 53 186 92 193 165 235 238 176 123 24 77 42 147 227 111 224 24 214 243 47 129 35 208 115 99 119 186 178 253 111 61 194 233 71 200 206 244 93 218 155 235 160 194 129 235 95 249 249 113 56 83 105 167 18 192 6 86 80 135 52 169 213 73 230 176 50 168 170 49 214 180 86 125 136 15 197 249 233 26 37 166 101 140 96 12 60 57 228 117 147 194 168 
239 167 124 133 39 106 244 223 164 25 54 59 133 151 44 69 166 129 228 25 128 214 127 88 129 155 116 135 81 129 222 121 52 219 150 135 43 119 237 140 219 190 33 168 30 7 191 217 191 187 244 0 233 114 157 38 169 50 0 118 168 112 204 65 185 194 195 25 162 167 195 100 16 177 251 143 6 169 74 231 243 228 144 188 78 35 95 197 125 170 185 109 237 177 61 21 77 197 73 182 46 182 69 231 197 106 122 43 245 201 150 5 
20 60 217 153 102 210 44 122 221 227 144 87 232 55 66 83 66 12 148 116 190 47 94 6 99 143 226 150 147 99 46 118 214 201 213 253 103 247 85 155 85 153 135 84 166 36 128 45 7 195 27 193 204 149 206 22 26 15 113 75 118 52 106 245 97 81 106 24 135 33 245 106 232 62 145 65 86 199 111 189 247 72 34 122 112 170 108 8 241 52 139 13 48 157 159 121 248 177 71 190 24 143 32 90 16 79 178 162 175 22 157 139 204 
52 63 92 244 87 185 166 230 130 179 93 70 45 86 47 176 106 128 83 55 19 75 206 94 2 168 174 130 222 97 70 96 117 214 146 6 143 144 154 129 17 153 203 201 2 195 253 17 15 234 68 38 129 134 8 113 86 229 217 222 8 229 204 139 88 141 15 198 4 55 235 210 38 147 150 168 71 194 73 131 8 157 192 9 202 138 173 82 236 250 152 171 165 63 136 234 118 158 196 143 184 26 197 103 35 72 100 39 247 55 240 79 86 232 
199 92 2 183 223 91 116 149 85 133 10 22 44 105 29 48 230 98 214 87 43 33 24 37 51 212 224 161 163 204 132 231 73 226 162 79 168 74 90 192 166 160 73 169 149 184 194 225 227 8 231 230 100 102 188 46 201 47 159 175 27 207 7 168 21 0 231 100 62 23 200 200 96 189 137 39 25 48 41 206 226 50 145 122 64 88 244 242 58 27 190 208 48 38 5 9 157 129 186 225 192 99 10 194 242 113 179 128 91 85 122 228 42 157 203 
104 164 232 36 3 113 131 161 111 11 63 87 243 185 207 67 79 91 224 77 45 144 14 117 55 142 175 241 181 162 211 197 9 130 110 172 141 58 126 90 51 161 152 83 180 29 126 103 93 52 155 216 47 85 186 166 71 226 129 196 173 6 116 33 32 102 89 159 107 237 207 124 112 19 20 42 207 8 125 252 215 104 120 116 194 229 135 215 187 225 212 102 68 43 46 125 163 90 194 205 8 121 98 61 28 47 38 172 222 216 161 43 102 10 44 36 
116 173 85 213 13 64 187 87 136 178 251 221 223 216 219 152 132 179 4 217 180 196 82 70 32 154 28 253 181 75 221 95 11 33 18 41 58 167 73 186 187 98 233 181 124 191 6 193 3 230 79 161 132 213 150 231 215 10 251 44 251 231 145 179 152 4 69 113 236 217 120 46 210 252 7 151 123 169 130 167 72 170 222 210 14 227 250 100 190 99 223 20 156 213 137 20 111 247 143 94 1 137 5 121 127 21 214 88 93 202 98 89 252 128 230 8 241 
233 91 22 189 155 204 123 106 180 133 196 83 154 20 146 206 135 62 117 55 9 28 36 27 111 38 70 182 124 187 241 250 192 116 170 53 121 231 75 224 150 45 152 172 73 210 216 94 170 199 247 226 127 245 197 174 92 242 210 177 121 84 26 171 237 174 123 169 164 153 62 12 64 250 83 222 119 88 252 39 144 197 224 216 152 120 189 116 25 243 137 227 83 204 121 140 241 136 163 48 143 52 187 90 52 166 30 35 114 202 250 148 59 213 175 225 45 243 
135 77 107 90 20 171 160 220 91 252 49 16 85 231 55 183 15 196 40 229 8 104 20 70 127 87 38 3 52 219 112 210 140 7 221 90 209 240 149 37 34 245 62 7 151 60 115 114 154 20 60 35 25 31 216 133 37 44 142 44 57 188 190 154 55 127 113 122 151 57 127 159 215 99 86 4 234 165 150 142 194 199 94 40 220 224 90 27 93 222 84 173 143 100 56 167 175 228 30 101 107 77 94 8 42 44 104 73 201 144 236 58 37 134 221 179 233 28 153 
138 195 24 75 238 21 133 16 118 4 148 171 169 195 102 173 30 126 129 64 93 253 194 204 176 7 165 169 44 173 21 61 53 80 133 164 243 0 50 43 187 92 249 217 228 21 228 232 244 65 5 177 125 30 85 187 139 22 194 246 99 126 235 48 179 56 88 188 139 216 116 33 138 195 177 180 221 193 246 103 97 93 108 98 170 53 122 221 33 103 210 129 149 27 193 101 31 12 203 49 222 226 253 74 166 109 46 89 117 0 250 47 45 193 88 76 93 190 70 116 
205 89 127 39 39 19 53 17 100 230 30 253 148 128 49 6 13 178 183 86 139 120 245 135 240 82 173 77 89 208 94 42 191 241 11 177 148 65 129 226 80 221 96 214 80 90 154 148 218 160 215 56 231 174 61 70 37 184 37 173 61 7 58 2 224 127 8 22 250 2 66 105 15 101 128 128 200 224 228 119 67 136 13 250 228 70 199 127 141 90 244 35 210 0 143 53 94 115 95 212 84 34 159 66 230 200 213 35 210 191 247 43 249 174 85 160 247 240 43 32 86 
143 55 113 150 187 135 21 92 189 50 116 137 126 72 189 17 166 123 81 118 149 108 204 149 189 236 8 28 36 147 64 88 49 48 60 91 210 219 244 243 25 186 69 157 201 88 18 26 71 239 73 211 21 6 61 229 69 154 148 134 157 16 30 23 220 44 221 93 196 219 184 74 162 224 191 92 173 5 124 208 50 91 140 133 196 91 169 66 107 64 115 8 133 175 225 118 50 86 157 16 145 159 119 139 193 251 167 150 191 207 62 199 217 48 29 91 177 109 158 181 37 34 
80 161 228 96 45 5 29 115 151 74 165 209 246 107 152 152 2 8 86 226 103 132 123 72 60 223 249 235 14 221 229 186 229 19 207 224 45 205 145 71 162 118 110 93 34 37 172 94 89 173 186 178 17 5 94 191 118 204 226 204 70 52 28 5 165 34 225 49 252 118 37 190 160 135 35 37 71 156 125 10 143 95 252 232 215 88 31 240 99 74 38 84 252 73 32 158 19 211 7 143 136 29 54 29 81 201 93 62 217 18 244 200 20 252 30 42 149 215 87 81 102 141 66 
188 100 82 222 67 184 109 20 72 28 94 219 0 42 80 163 22 246 1 243 98 118 84 84 17 146 239 252 162 199 96 62 27 186 150 36 239 23 236 125 38 170 5 165 253 101 105 94 139 148 172 36 150 185 212 153 196 88 27 35 236 155 8 189 175 155 166 147 16 163 54 207 106 16 187 46 57 237 143 232 133 89 10 158 196 128 157 38 61 121 246 63 14 189 13 202 121 190 126 37 63 102 14 41 11 82 222 251 35 128 189 2 94 75 215 205 212 202 121 129 12 206 62 110 
87 142 149 119 133 201 224 60 130 102 149 37 105 87 251 18 50 151 44 226 115 71 73 135 43 26 204 223 153 206 37 63 100 111 149 183 238 194 242 176 187 150 157 89 128 2 252 3 220 205 185 161 224 22 209 185 6 6 208 239 245 20 88 159 79 230 214 184 68 59 92 44 3 78 1 177 24 223 145 169 68 179 81 92 168 83 213 236 115 15 201 174 170 84 102 253 227 124 167 12 162 165 69 81 138 135 51 54 131 19 152 119 112 114 203 158 13 178 113 136 209 108 172 55 137 
90 51 250 238 17 134 158 47 221 14 227 66 202 201 189 17 126 174 215 146 24 32 225 24 96 2 95 248 207 156 196 18 100 209 20 168 40 70 84 249 193 134 5 127 95 164 180 220 181 15 74 229 184 58 12 123 148 43 245 253 229 78 27 247 239 115 138 90 204 130 201 124 240 183 39 170 73 158 11 188 172 193 112 83 136 8 83 7 84 76 23 237 66 217 54 56 240 72 223 219 128 220 116 98 22 115 201 150 163 160 5 7 240 147 1 8 193 39 157 184 168 85 228 253 7 172 
94 99 142 79 25 148 41 40 76 243 63 90 166 111 121 70 144 145 235 253 164 229 148 130 248 95 57 90 186 95 219 2 164 127 183 107 239 131 72 150 160 200 110 159 82 12 110 188 81 182 25 85 216 114 164 206 212 83 100 52 95 43 191 169 37 32 33 15 205 219 218 21 67 124 73 241 156 220 116 92 210 233 97 114 83 118 19 68 55 249 153 166 56 211 196 52 141 161 73 7 83 6 54 7 115 102 208 136 85 62 141 115 178 248 226 12 83 209 152 89 118 106 116 240 220 91 241 
