31
46 
47 7 
15 61 58 
1 31 38 47 
60 60 28 55 57 
19 1 0 29 45 35 
43 45 7 61 19 35 23 
29 15 34 61 2 28 48 38 
4 4 42 58 49 35 7 33 11 
61 1 22 4 53 5 35 33 16 12 
50 13 25 19 11 35 44 55 47 1 52 
45 24 13 37 53 57 60 52 44 2 33 1 
14 30 56 19 14 22 6 7 1 11 15 52 31 
51 16 29 13 13 35 55 43 34 42 31 4 49 29 
48 33 47 43 6 37 18 13 6 38 54 13 45 39 43 
4 53 22 55 47 44 44 38 35 28 55 0 11 14 59 46 
26 55 40 6 50 11 36 58 1 54 23 21 20 21 54 20 16 
49 56 19 38 14 2 13 20 42 41 59 35 10 10 20 8 57 20 
31 26 2 13 46 6 54 57 60 30 37 25 59 9 59 14 6 29 54 
32 57 20 40 37 28 51 39 1 34 23 40 40 7 0 23 29 3 42 43 
11 49 4 36 61 29 8 25 32 17 3 52 48 1 34 9 48 56 56 8 49 
59 22 59 50 23 19 38 15 61 46 27 53 59 57 28 59 36 34 41 2 23 14 
6 23 29 28 60 56 18 7 18 32 7 15 7 38 61 27 55 43 54 47 59 56 2 
43 25 2 40 52 42 17 45 51 48 25 5 44 19 27 38 43 8 18 10 19 49 49 17 
22 49 57 11 10 7 2 57 13 40 28 56 58 28 28 33 28 44 20 42 3 15 13 24 4 
12 34 29 28 7 23 23 55 54 48 36 43 36 14 20 28 22 49 12 29 55 18 5 23 35 43 
29 0 15 28 49 58 9 55 9 49 38 17 61 50 54 17 45 5 9 29 48 61 11 36 44 20 9 
48 60 0 53 5 4 28 17 41 16 14 15 60 36 54 7 56 58 13 48 58 42 37 47 29 42 39 53 
20 29 43 51 49 3 16 3 49 44 19 47 24 14 53 61 21 28 23 3 9 15 53 59 3 17 29 55 43 
8 23 51 8 17 26 20 37 12 35 51 27 32 24 55 29 55 7 61 35 37 29 46 18 23 26 22 23 31 0 
7 60 17 45 28 54 3 1 15 58 36 30 7 11 1 29 33 60 21 15 40 1 5 50 4 33 9 49 56 9 53 
