63
80 
124 60 
83 116 95 
34 101 46 108 
65 79 113 0 90 
9 12 97 21 80 14 
50 55 80 117 25 76 17 
31 99 125 39 31 68 36 20 
75 28 45 41 116 0 94 118 7 
110 56 44 63 99 93 108 47 18 20 
62 123 45 57 107 17 87 43 57 94 122 
22 106 15 79 125 116 7 8 104 113 91 37 
47 93 64 76 22 65 47 121 98 72 49 116 74 
92 98 99 28 19 119 45 102 25 94 14 83 81 37 
11 107 117 26 85 123 23 63 52 47 35 114 50 38 89 
23 2 73 81 103 101 71 77 54 76 55 60 19 45 85 94 
4 13 122 87 38 25 91 111 89 11 94 20 59 62 40 60 2 
85 31 91 83 83 62 61 67 107 53 121 7 13 30 33 106 84 43 
115 11 81 74 62 11 115 20 119 19 1 31 53 82 0 13 9 76 108 
9 52 99 23 51 7 99 27 123 85 105 92 83 10 6 34 99 108 124 115 
47 68 24 114 1 7 62 59 0 114 9 41 53 72 14 80 1 83 48 67 125 
49 76 37 64 45 47 67 30 79 74 49 76 14 108 61 112 48 5 26 82 27 6 
42 5 10 52 104 44 47 80 92 27 69 96 104 118 54 77 112 26 124 14 1 16 35 
110 4 109 109 116 78 13 15 111 78 51 36 117 60 69 52 110 50 38 97 70 83 76 75 
42 75 106 0 2 37 86 23 65 112 102 67 87 125 16 119 90 88 18 59 40 3 43 83 11 
111 18 119 55 64 117 13 13 52 112 33 55 8 52 57 8 95 23 71 118 68 0 16 87 76 31 
104 92 119 28 91 24 106 80 45 51 80 95 20 44 20 12 44 56 28 113 33 41 64 16 30 104 93 
104 78 71 18 47 46 102 123 28 111 73 9 42 67 20 34 93 4 118 13 36 35 56 83 1 115 36 37 
20 53 41 77 38 67 96 29 104 16 68 13 78 104 18 112 105 23 84 42 23 15 36 85 57 88 27 117 19 
115 51 33 95 75 21 82 10 98 81 14 89 55 70 90 44 78 12 54 13 96 117 106 11 108 83 60 70 56 90 
2 27 25 117 93 18 102 83 59 18 0 78 10 7 100 71 87 119 82 109 110 57 95 122 63 83 99 88 98 56 79 
121 68 17 41 19 70 53 7 29 96 101 110 60 93 23 100 101 91 67 33 92 90 97 39 30 1 58 78 43 85 69 28 
79 104 74 31 72 108 39 40 1 86 116 64 99 85 3 105 2 59 23 104 125 61 117 67 45 72 104 114 69 2 107 93 39 
99 68 104 0 0 52 9 71 69 36 101 70 19 123 82 9 11 28 47 70 56 31 73 99 12 61 112 45 87 11 77 9 84 88 
112 100 115 5 125 52 91 99 58 13 103 20 38 6 108 90 69 3 45 77 3 76 41 121 50 0 108 63 38 91 55 81 9 74 70 
39 124 90 2 112 106 95 49 12 49 117 83 122 97 45 46 113 122 17 100 109 70 78 95 6 2 113 27 93 112 100 1 83 15 26 96 
64 98 53 59 92 66 112 13 21 63 83 70 39 67 75 114 39 30 74 96 78 40 104 19 50 88 28 102 45 124 31 84 64 11 44 117 28 
79 31 97 2 41 86 69 17 112 22 7 82 106 71 40 12 1 11 82 11 51 97 49 24 54 50 104 115 104 41 60 14 123 107 109 68 57 15 
103 98 100 21 15 79 48 79 25 103 18 37 50 111 53 58 39 1 89 13 108 72 31 46 42 99 13 37 93 48 15 59 41 123 50 2 59 98 10 
124 15 38 70 46 78 47 41 98 23 44 100 8 116 10 28 29 5 119 34 55 27 62 5 31 30 74 15 40 1 26 17 105 81 2 64 44 58 115 75 
87 81 83 87 15 75 108 29 110 74 35 33 77 53 18 74 90 34 82 86 66 109 26 120 12 79 34 76 103 94 81 6 32 52 51 78 13 98 54 105 19 
71 52 7 68 115 105 125 46 47 106 46 19 91 101 63 43 25 74 87 60 81 103 93 105 123 58 81 31 79 123 61 21 80 51 41 79 50 81 39 114 3 1 
53 42 29 38 114 37 1 52 114 89 45 102 101 19 94 67 66 71 46 68 101 106 122 11 20 3 67 24 47 120 112 15 107 114 58 119 49 54 55 7 63 19 112 
83 112 31 116 23 48 54 107 91 40 45 83 68 35 77 12 49 114 55 51 15 0 41 101 15 76 22 96 105 37 118 106 26 33 75 59 48 44 7 85 41 37 120 71 
17 4 59 59 23 36 99 25 67 66 20 89 12 38 31 116 78 78 48 50 85 24 111 106 115 77 3 88 42 29 56 51 31 114 108 71 95 24 109 34 12 88 26 47 51 
10 41 70 70 59 92 63 25 20 113 45 30 39 120 30 92 79 111 24 13 3 12 31 98 51 40 51 38 121 12 118 60 105 90 75 117 118 120 0 91 118 48 24 9 23 98 
101 22 103 60 10 67 21 54 30 96 39 0 1 33 54 55 17 106 99 7 0 96 85 53 82 46 56 22 13 118 97 4 30 71 2 106 85 37 88 111 87 71 72 34 118 78 74 
110 8 53 24 11 119 50 125 102 66 28 10 103 37 31 9 86 119 96 19 124 22 84 2 34 69 40 64 80 123 43 121 44 29 72 49 15 47 18 94 97 74 101 105 85 109 8 101 
9 39 109 104 91 28 76 50 97 52 33 49 36 83 74 121 62 125 58 57 114 91 75 28 60 34 78 107 82 1 74 81 2 117 32 97 39 102 22 0 4 25 109 56 63 78 120 119 22 
65 116 35 119 62 65 20 55 49 16 71 73 79 2 65 48 66 78 71 100 5 124 56 8 100 20 80 14 54 5 33 4 102 115 55 23 60 64 7 85 120 54 78 19 40 121 89 0 107 52 
103 110 21 22 68 16 118 5 113 3 113 63 91 62 15 90 14 23 11 74 9 68 81 46 114 45 113 65 59 72 113 116 107 79 35 64 15 65 89 103 78 53 52 74 112 4 41 12 31 108 73 
91 26 3 51 3 33 120 45 69 79 32 57 36 125 28 45 17 125 65 8 103 48 31 30 103 13 32 84 19 8 124 54 34 88 114 118 61 2 51 40 44 121 124 94 114 124 64 75 51 115 112 92 
64 53 47 117 32 61 65 24 7 15 56 104 15 78 119 100 29 27 18 64 125 77 9 20 86 39 82 110 120 116 5 100 8 19 9 102 16 125 63 69 43 54 100 64 48 1 109 80 27 57 36 100 40 
68 22 54 36 70 30 107 124 8 86 52 13 57 92 36 37 85 64 78 68 8 98 120 102 26 86 50 14 31 67 99 59 104 93 76 70 30 112 89 86 28 75 122 67 30 37 23 59 50 67 36 21 86 100 
38 60 19 87 1 107 5 99 10 93 104 1 70 106 115 103 114 20 54 65 101 24 90 85 40 123 62 89 46 63 83 25 98 69 30 86 109 94 75 6 47 66 15 98 125 1 48 101 6 96 48 12 111 121 90 
37 120 30 54 91 65 122 107 13 46 42 74 45 112 90 3 79 1 100 2 20 55 46 122 20 50 123 119 117 102 66 33 75 49 41 22 91 3 53 108 31 29 67 116 58 30 2 106 16 43 124 3 16 88 78 3 
33 92 50 3 1 94 28 108 52 44 27 99 110 113 25 73 121 57 98 25 10 15 11 62 96 122 35 33 122 102 101 9 33 41 44 7 125 23 64 1 104 26 67 48 70 31 11 6 21 19 79 15 31 78 14 35 92 
87 57 93 46 66 20 40 96 103 79 49 43 27 120 43 32 94 86 54 119 50 69 4 74 27 7 13 28 94 92 123 115 120 22 99 102 114 27 0 122 91 113 3 114 58 68 41 125 124 71 96 97 47 32 65 41 61 34 
18 39 119 35 65 124 35 113 43 38 8 70 33 104 56 3 71 39 25 64 100 34 96 62 91 68 97 50 43 41 90 104 79 51 42 46 91 57 85 2 99 93 105 104 37 113 111 118 64 33 15 89 105 18 80 40 43 91 82 
92 95 32 62 0 68 92 124 41 92 107 71 16 19 17 28 112 37 46 48 52 10 124 119 72 57 92 47 89 8 25 117 8 93 14 27 117 72 52 114 98 99 92 80 40 62 112 124 74 26 124 113 86 112 47 99 4 76 105 97 
38 46 83 121 76 107 61 124 115 20 28 35 2 7 47 87 113 37 34 15 10 94 8 88 8 96 62 95 72 15 65 44 28 74 92 70 32 9 51 36 116 107 11 12 51 91 29 96 33 69 80 14 65 95 117 98 92 55 24 72 72 
113 20 58 41 33 20 107 54 21 44 45 56 8 39 36 62 14 94 120 81 53 12 16 57 93 6 2 69 14 31 70 25 99 60 29 54 12 77 66 57 105 53 105 4 77 4 96 74 79 97 68 113 78 46 80 28 11 113 64 30 70 19 
14 3 103 53 45 90 74 115 111 53 26 36 19 72 106 18 24 118 41 4 55 15 88 104 92 99 54 34 97 12 64 11 90 28 118 91 54 68 105 100 107 17 55 74 78 106 23 37 89 96 22 119 44 22 13 4 17 27 107 123 121 91 84 
